# Created by Octave 8.4.0, Sat Nov 22 13:18:37 2025 -03 <carvalho@CARVALHO-B01>
# name: mass
# type: matrix
# rows: 1
# columns: 50
 100 1.6873113226061209 1.8978982659639454 9.029127442516808 7.5015171806532255 9.7348898447307288 5.9231802668715696 5.6589446633098541 3.7388003081322472 6.8697475617199562 9.7600299944666169 2.4960012410998753 2.1129201001414253 2.1629900708630232 3.4911460063685151 0.99633597925194439 6.8168112522914095 5.9902206663675122 7.6560030433856916 1.6914613571686232 0.073562018237690555 4.5330296042939242 5.7702637987474326 6.5638359900901655 3.5175465430606199 5.5402680375136528 5.0793525683307124 5.6829547999934 1.9890670178730152 8.2102702516597788 4.2414003632366537 2.7831704969356004 4.0046815904199269 3.0905041703043388 4.8836037933913241 1.7656530410214277 2.4431042237278509 8.7522337682393569 2.5311845379245344 7.4447043135195381 9.3304229850925413 1.2123926596246781 4.2288365891377255 7.5319312610743268 1.4776712587637386 8.7747096274295693 9.1422791461287201 4.6276498258755288 5.9171831352857316 1.9367987344273863


